n= [-120:4:120]