B=[3 4 5; 1 3 7; 7 4 2];
A=[3.45,2.3,5.2;3,4,5;6.3,7.3,4.1];
B(:,2:3)=B(:,2:3)-A(:,2:3)


%2nd
%l=rand(1,5000);
%m=rand(1,5000);
%l+m


%3rd
n = [-120:4:120]